Ldiaiy 90 68 23 6 67 4 54 98 63 37 88 53 66 63 56 42 99 57 66 95 6 40
Oeoxgxvfah 32 63 36 68 49 50 4 36 2 21 51 10 14 1
Asnvcbvfah 26 9 46 98 7 56 7
Uenvcbvfah 43 74 91 24 43 78 77 63 80 86
Ffpaslvfah 91 12 51 17 99 1 75 6 59 66 92 79 8 66 18
Wnoahuiwbp 58 16 33 58 43 86 61 11 36 61 85 41 71 2
Iooahuiwbp 49 18 89 29 41 58 54 51 60 6 40 17
Zfxahuiwbp 13 42 73 53 68 85 89 60 55 91 43 55 51 92 24
Fvkahuiwbp 89 57 100 62 94
Uemtlyiwbp 4 38 23 75 97 82 81 39 24 88 42
Gviehmowbp 12 39 5 6 61 6 21
Ooiehmowbp 35 8 9 34 85 90 15 24 65 2 17 32 64 22 82 30 31 20 53
Zuiehmowbp 98 16 3 88 28 25 64 14 33 52 74 18 36 15 84 11 79 85 27
Adiehmowbp 43 30 63 34 71 24 70 21 39 18 75 26
Biprvcmwbp 28 49 90 28 21 17 89
Ziprvcmwbp 84 3 46 36 68 69 58 40 60 75 15 37 24 14 78 85 97 69 20 97
Bkrevpphbp 73 71 70 68 16 90 88 25 29 47
Qkrevpphbp 84 74 13 59 4 81 30 1 81 49 33 18 96 86 75 83 12 47
Yinvbpphbp 59 30 58 33 29 93 6 84 5 16 88 37 45 40 17 94
Fknvbpphbp 10 60 21 59 79 11 75 2 69 80 60 98 65 69 82 93 61
